48 ABETO 40.4297222222 -8.0563888889
77 ABIXO 42.1861111111 3.1083333333
88 ABLEG 40.7227777778 -8.4311111111
118 ABOSI 39.7791666667 -1.2844444444
124 ABRAT 39.8216666667 -7.6541666667
129 ABRIL 40.3961111111 -8.5802777778
168 ABUPI 41.7511111111 -7.2361111111
200 ADEDI 43.1761111111 -2.1791666667
223 ADINO 40.0177777778 -6.3736111111
266 ADORO 41.4830555556 -6.28
273 ADQ 38.8538888889 -3.9708333333
275 ADRAS 36.8322222222 -2.7275
286 ADSER 43.2416666667 1.2030555556
306 ADUXO 40.5122222222 -2.0641666667
313 ADX 39.5494444444 2.3958333333
344 AGENA 41.5447222222 3.4886111111
352 AGIDO 37.1955555556 -2.6269444444
397 AGUVO 39.2719444444 -8.1411111111
439 AKAMU 39.6577777778 2.4713888889
450 AKEPO 43.3158333333 -0.1383333333
468 AKOKI 40.2244444444 -3.2186111111
473 AKOPA 41.6811111111 1.7916666667
488 AKUNU 43.1327777778 3.3733333333
496 ALAGU 38.0886111111 -7.6144444444
497 ALAMA 39.2233333333 -8.55
502 ALAOS 37.2122222222 -6.5513888889
515 ALBER 42.4513888889 2.8322222222
519 ALBIZ 43.2241666667 -2.6358333333
520 ALCOL 37.8558333333 -4.5188888889
530 ALEPO 42.3436111111 -1.9633333333
577 ALORA 36.8177777778 -5.2119444444
580 ALOSU 41.9330555556 0.4986111111
586 ALR 36.6911111111 3.2155555556
589 ALT 38.2683333333 -0.57
590 ALT.A 38.28822875 -0.56192225
591 ALT.D 38.2823164 -0.5560695333
592 ALT01 38.2371194 -0.3419413167
593 ALT02 38.2967747333 -0.5333963333
594 ALT03 38.2697830833 -0.5860480833
623 AMBEL 41.7708333333 -1.7144444444
638 AMGAR 42.555 -3.2533333333
683 AMOTA 37.6055555556 -5.2516666667
692 AMPOL 40.8036111111 0.6391666667
696 AMPUR 43.3233333333 -3.4302777778
697 AMR 36.8330555556 -2.2594444444
698 AMR.A 36.8461642333 -2.36919135
699 AMR.D 36.8422863167 -2.3733335667
729 AMTOS 43 -3.2211111111
749 ANANA 39 -2.4127777778
755 ANDEV 37.3938888889 -6.5997222222
763 ANEKU 42.5244444444 1.8427777778
766 ANETO 42.6930555556 0.5583333333
789 ANTON 41.26 1.6983333333
792 ANZAN 39 -3.2213888889
794 AOG.A 36.6659457 -6.3599326667
795 AOG.D 36.65727625 -6.3491638667
798 APADU 37.2969444444 -5.2952777778
830 ARBEK 41.5438888889 1.1297222222
833 ARBIN 42.6797222222 -2.6138888889
841 ARCON 40 -2.3144444444
852 ARDID 41.1733333333 -6.2822222222
869 ARGOR 39.5386111111 0.2986111111
873 ARJON 38.0447222222 -3.8747222222
884 ARLE0 40.55538575 0.2699069167
892 ARLUN 42.0216666667 -3.6136111111
927 ARPEX 37.5797222222 -3.0241666667
937 ARROS 37.5952777778 -6.1277777778
942 ARSAS 36.8552777778 -5.7905555556
988 ASBIN 40.255 -3.1763888889
994 ASDEB 42.5158333333 -8.4919444444
1019 ASKEL 37.4125 -1.7080555556
1049 ASMOT 39.2758333333 2.7155555556
1057 ASPAS 39 -3.0458333333
1062 ASPET 43 0.9797222222
1068 ASPOR 41.815 -8.0811111111
1073 ASTEG 43.4144444444 4.1322222222
1074 ASTEK 41.2088888889 1.8219444444
1087 ASTRO 39.0244444444 -1.2630555556
1184 AVILA 40.6247222222 -4.55
1244 BABEX 41.0402777778 -7.0838888889
1266 BABOV 39.8763888889 -6.8736111111
1315 BAENA 37.5683333333 -4.3319444444
1321 BAGAS 43.0983333333 -2.0947222222
1322 BAGAX 39.0511111111 2.1544444444
1338 BAGRO 43.2097222222 -0.0972222222
1348 BAKAX 39.4570359667 2.5297923833
1382 BALDE 41.23 0.5227777778
1390 BALIO 39.6483333333 4.1822222222
1402 BALNO 41.7305555556 -6.9816666667
1429 BAMGO 42.8822222222 3.0402777778
1450 BAN 41.3236111111 -2.63
1451 BAN07 40.8278145667 -2.5617187167
1456 BANBU 41.0166666667 1.5216666667
1468 BANOL 42.1266666667 2.8466666667
1481 BANVO 41.3236111167 -2.6302777833
1503 BARBO 42.4488888889 0.9027777778
1506 BARDI 40.5836111111 -6.3025
1521 BARKO 42.2005555556 -6.9447222222
1553 BASIM 41.5044444444 -3.2666666667
1563 BASSO 39.54444445 3.1225
1568 BASUK 43.3191666667 -6.1730555556
1574 BATAX 41.7005555556 -6.6219444444
1602 BAVER 38.8797222222 0.675
1628 BAXOP 40.0575 -4.6111111111
1631 BAZAS 37.7344444444 -3.1852777778
1655 BBI 41.0166666667 -5.4569444444
1662 BCN.A 41.29943885 2.0844560333
1663 BCN.D 41.2972901333 2.0768662333
1664 BCN04 40.9109612167 2.39200505
1665 BCN12 41.0132562 2.3655927667
1666 BCN46 41.1447914333 1.8076067
1684 BEBES 39.0733333333 1.7033333333
1695 BEDAL 42.1047222222 -7.7538888889
1727 BEGOX 39.0691666667 -0.7719444444
1732 BEGUY 43.0583333333 -1.4508333333
1733 BEJ 38.1283333333 -7.9266666667
1757 BELDU 41.3586111111 -7.7772222222
1764 BELIG 43.2672222222 0.0138888889
1800 BENED 40.2105555556 -2.1583333333
1803 BENID 41.2380555556 1.4808333333
1836 BERAX 43.2519444444 -8.1766666667
1842 BERGA 42.1713888889 2.0319444444
1858 BERUC 40.885 -3.5613888889
1875 BESOR 38.4663888889 -0.2291666667
1888 BETIX 37.6608333333 -6.0222222222
1921 BEXID 39.5744444444 -3.4847222222
1925 BEXUR 41.9477777833 3.2086111167
1927 BEZAR 37.9622222222 -5.1488888889
1940 BGR 41.9477777778 3.2091666667
1959 BIBEL 42.7341666667 -1.8827777778
1971 BIDAC 43.4172222222 -1.1355555556
2016 BINVA 39 -3.9083333333
2020 BIRBA 39.1055555556 -7.5119444444
2027 BIRMI 42.2944444444 -8.1988888889
2037 BISBA 42.0863888889 3.6258333333
2041 BISES 41.3186111111 1.6891666667
2047 BISMU 42.7966666667 -6.5386111111
2065 BJA 38.1591666667 -7.9216666667
2071 BL045 41.65430415 3.0251583167
2072 BL057 40.8607578667 2.2995525333
2073 BL058 40.9369960167 2.278676
2077 BLASO 40.6527777778 3.6444444444
2098 BLN 38.1525 -3.625
2102 BLV 43.3044444444 -2.9358333333
2151 BOGAS 39.5061111111 -3.8247222222
2159 BOGRO 43.3113888889 0.75
2185 BOLSA 43.3341666667 3.315
2199 BONIL 38.9352777778 -2.5041666667
2211 BOSIO 40.3408333333 -3.5205555556
2219 BOUGA 37.1663888889 3.4094444444
2269 BRA 40.4691666667 -3.5575
2272 BRA02 40.5573756333 -3.5450642833
2273 BRA06 40.7230416333 -3.5636953333
2274 BRA08 40.9700540333 -3.5787461
2280 BRAVO 40.5633333333 -3.7472222222
2301 BRITO 41.0791666667 -2.0780555556
2306 BROTO 42.4244444444 0.1538888889
2317 BRUNO 38.6083333333 0.4833333333
2366 BUDIT 37.9725 -2.5044444444
2368 BUDOM 40.6563888833 -2.8166666667
2381 BUGIX 42.3580555556 -3.6352777778
2437 BUR 42.355 -3.6136111111
2442 BUREX 39.8111111111 -3.9394444444
2447 BUROV 41.5972222222 -0.8747222222
2465 BUYAH 38.1130555556 3.1513888889
2483 BZR.A 43.33593 3.3372344833
2484 BZR.D 43.3332444667 3.3646350333
2495 CALCE 43.3627777778 -3.3166666667
2501 CAMBY 40.8641666667 1.1822222222
2502 CAMPI 37.9494444444 -4.9977777778
2505 CANAL 38.1463888889 -5.7741666667
2506 CANAR 41.3858333333 -7.4697222222
2514 CARLO 41.0344444444 -2.1691666667
2515 CARME 39.7477777778 4.1977777778
2521 CASIM 40.2308333333 0.1430555556
2522 CASOL 39.1936111111 2.8419444444
2523 CASPE 41.2683333333 0.1994444444
2526 CATON 39.8052777778 -1.2116666667
2528 CAVES 41.4833333333 1.6636111111
2530 CAZAR 38.5030555556 -5.2377777778
2531 CAZON 37.4302777778 -6.1852777778
2532 CB 40.1591666667 -8.4730555556
2538 CCS 39.5244444444 -6.4347222222
2540 CDB 37.8458333333 -4.845
2552 CDP 39.6975 3.4341666667
2556 CEGAM 42.9836111111 -2.2363888889
2559 CELBA 37.115 2.8841666667
2561 CENTA 39.9005555556 -1.4319444444
2593 CHENA 37.3577777778 -5.4813888889
2602 CHOMI 43.2647222222 -2.5980555556
2615 CJN 40.3719444444 -2.5447222222
2616 CJN03 40.2680362 -2.2620316167
2622 CLE 41.64 2.6347222222
2623 CLE03 41.2166174833 2.75779595
2634 CLS 39.7072222222 -0.9863888889
2637 CMA 40.8672222222 -1.2980555556
2673 CNR 40.6458333333 -3.7358333333
2683 COMPI 39.3508333333 -0.0077777778
2691 CORDA 40.4155555556 2.2558333333
2692 CORDU 37.9025 -4.9247222222
2693 CORIA 37.0275 -6.1805555556
2696 CORVA 41.2097222222 2.2747222222
2704 CRETA 40.8722222222 0.0616666667
2706 CRISA 38.9386111111 -4.5563888889
2718 CS 43.2225 2.2075
2727 CST 39.6413888889 2.9155555556
2732 CTN 40.2186111111 0.0891666667
2736 CUCAS 41.8077777778 -4.7961111111
2744 CVT 40.3677777778 -3.7733333333
2756 DADIV 40.3930555556 -3.3408333333
2770 DALIN 41.7338888889 3.3577777778
2939 DESAT 41.8302777778 -6.2166666667
3022 DGO 42.4533333333 -2.8805555556
3062 DIGAL 39.7408333333 -7.9897222222
3101 DILUM 41.3277777778 2.1680555556
3108 DIMER 37.3061111111 -1.1686111111
3126 DINCO 37.2563888889 -1.2877777778
3149 DIPES 41.0630555556 3.54
3155 DIPOL 40.4163888889 -4.6763888889
3181 DIRMU 41.7855555556 0.1594444444
3182 DIROP 37.0391666667 -8.0958333333
3190 DISET 41.2311111111 0.7658333333
3198 DISKO 41.0152777778 -4.2233333333
3205 DISVU 40.7402777778 -1.2633333333
3218 DITOP 43.0155555556 -1.7644444444
3219 DITRE 37.9266666667 -0.5572222222
3241 DIVUT 41.0286111111 -8.3258333333
3266 DML 37.7008333333 -7.7636111111
3273 DMT 39.0772222222 -8.1875
3305 DODOM 43.3419444444 0.9344444444
3332 DOLES 40.4077777778 -4.0691666667
3373 DONOS 43.2838888889 -1.4913888889
3379 DOPEN 39.7552777778 -4.3836111111
3393 DORAR 43.2930555556 -5.9563888889
3405 DORMI 40.8711111111 0.385
3407 DOSEK 37.2461111111 -1.985
3411 DOSOP 39.3908333333 3.1255555556
3421 DOTIS 41.2019444444 2.0247222222
3429 DPR 37.4469444444 -7.5902777778
3433 DRAGO 40.0077777778 1.7655555556
3445 DSL 37.3075 -7.9622222222
3461 DUKKE 40.6197222222 -2.9041666667
3464 DUNES 40.8638888889 3.1575
3480 EAG 42.4513888889 -2.3147222222
3516 EBROX 40.7086111111 1.2316666667
3517 EBT 39.6255555556 -0.4719444444
3521 ECIJA 37.5247222222 -5.0655555556
3522 ECV 40.6997222222 -3.7627777778
3539 EDIGO 41.5041666667 -3.4116666667
3542 EDIMU 40.7783333333 -1.8283333333
3546 EDIVA 41.4861111111 -2.3791666667
3568 EDULI 39.4061111111 2.4175
3672 EKRIS 39 -5.7813888889
3730 ELDUK 37.8111111111 -7.9405555556
3742 ELGIX 41.5211111111 -7.6730555556
3755 ELKEM 38.1488888889 1.7713888889
3802 ELROT 40.485 -2.1583333333
3812 ELSOS 41.8186111167 2.8711111167
3819 ELTEP 42.6163888889 -7.7836111111
3828 ELVAR 39.2194444444 -7.2233333333
3837 ELVIR 40.3730555556 -3.2319444444
3838 ELVIS 38.4958333333 -4.9058333333
3845 EMANU 42.9577777778 -3.7808333333
3848 EMBEX 41.9533333333 -1.2194444444
3965 EON 42.5938888889 -5.6461111111
3970 EPAMA 39.6030555556 1.3802777778
4027 EREMA 41.0816666667 -4.1397222222
4085 ERMOX 38.8186111111 -3.6541666667
4126 ERTIS 37.4166666667 -7.6147222222
4162 ESILA 37.0513888889 -2.7741666667
4187 ESPIN 40.8494444444 -2.5
4188 ESPOR 40.2830555556 2.0955555556
4204 ETAKA 41.7891666667 -7.73
4208 ETANA 39.5713888889 -3.5816666667
4279 ETURA 38.2080555556 -2.1886111111
4285 EVADO 43.1925 3.4530555556
4348 EVR.D 38.5204438333 -7.9338441833
4368 EVURA 38.665 -7.9186111111
4381 EXONA 38.9044444444 -8.0166666667
4398 FANET 40.3827777778 -5.6441666667
4399 FAR 37.0086111111 -7.9258333333
4400 FAR.A 37.01446185 -7.9624933667
4401 FAR.D 37.0149823167 -7.98908295
4413 FBP.A 43.3790863167 -0.4200931333
4414 FBP.D 43.3883431 -0.4235881
4420 FEBRI 43.3097222222 -2.2738888889
4427 FERD0 40.831425 -2.9450688
4430 FERMI 42.5425 -1.77
4431 FERNA 37.7111111111 -4.6333333333
4435 FESTA 41.4422222222 -1.1044444444
4436 FEVIK 41.6797222222 3.1961111111
4451 FINAM 42.4222222222 -7.3886111111
4533 FORNO 42.4680555556 -7.4813888889
4573 FTM 39.6658333333 -8.4927777778
4598 GADOR 36.9780555556 -2.6091666667
4600 GAGOS 39.8769444444 -4.5338888889
4603 GAIOS 38.2755555556 -8.5430555556
4606 GALAT 40.1544444444 1.9408333333
4611 GALDO 43.2594444444 1.7458333333
4646 GAPLU 41.8833333333 2.5486111111
4656 GARBI 40.8027777778 2.2866666667
4672 GARVU 42.1711111111 -2.0777777778
4677 GASMO 41.7294444444 -3.0488888889
4682 GATAS 36.6933333333 -1.8886111111
4692 GAUDE 43 0.6366666667
4698 GAVMA 41.2658333333 1.9872222222
4701 GAVRU 42.1713654167 -2.0611479333
4714 GDA 37.1830555556 -3.9908333333
4715 GDA.A 37.2048163 -3.8139697
4716 GDA.D 37.1905862167 -3.7917154
4723 GE 40.1997222222 -3.8441666667
4725 GEANT 42.4333333333 2.2163888889
4730 GEBTI 36.985 -7.6858333333
4748 GEMAS 41.845 0.7302777778
4761 GENIL 37.5791666667 -5.3
4763 GENIO 38.2936111111 3.1477777778
4766 GENRO 37.1930555556 -7.6147222222
4783 GERVU 38.82 0.4833333333
4903 GIMAL 36.7644444444 -8.0058333333
4954 GIR 41.9313888889 2.7716666667
4955 GIR.A 41.9022670667 2.7603478667
4956 GIR.D 41.8914040333 2.7615182167
4979 GIROM 42.7747222222 0.9972222222
5101 GOBIX 37.0013888833 -7.8511111167
5119 GODIV 41.7213888889 -6.3236111111
5129 GODOX 39.3725 1.4108333333
5130 GODPI 41.7252777778 -0.5955555556
5204 GOMSO 42.995 -1.5
5296 GOTOR 40.1108333333 -3.7244444444
5297 GOTOX 42.8630555556 -5.8786111111
5320 GOXIP 39 -4.4644444444
5335 GRAUS 41.9791666667 0.3763888889
5346 GRN01 42.02418775 2.8063692167
5385 GUDAV 38.6505555556 -8.5833333333
5466 HAMRA 36.8711111111 -0.0236111111
5514 HERMI 41.4736111111 -2.5333333333
5521 HIG 43.3863888889 -1.7958333333
5523 HIJ 38.5080555556 -5.0997222222
5574 HUE 42.0733333333 -0.3188888889
5590 IBA 38.8683333333 1.3658333333
5603 IBERO 41.3455555556 -7.9197222222
5611 IBI 38.8672222222 1.3625
5639 IBRAP 42.3616666667 2.0586111111
5660 IBZ 38.8763888889 1.385
5673 IDBID 39.2783333333 -8.0166666667
5689 IDLIP 37.0136111111 -7.9752777778
5742 IML 40.5252777778 -3.5583333333
5765 INBOM 40.0019444444 -8.3019444444
5774 INDEG 40.8536111111 -3.7922222222
5775 INDEL 42.4558333333 -2.705
5777 INDIA 41.3447222222 -0.9147222222
5810 INKIT 41.1802777778 -7.8908333333
5861 INSID 42.2755555556 -7.0941666667
5872 INTAX 39.59 -2.9338888889
5886 INVAB 37.0736111111 -8.3841666667
5920 IPN 42.7777777778 -1.6505555556
6035 IXIDA 39.655 -8.0166666667
6061 IZA 38.9155555556 1.4705555556
6062 IZA.A 38.8772804833 1.36930455
6063 IZA.D 38.8731546833 1.37242975
6084 JOA 39.5647222222 2.7466666667
6085 JOCOL 42.5933333333 -5.3075
6088 JRZ 36.8152777778 -6.0266666667
6089 JRZ.A 36.75579 -6.0676304667
6090 JRZ.D 36.7725492 -6.0402376
6110 KABRE 39.1436111111 2.9566666667
6121 KALAB 37.0197222222 -2.4486111111
6125 KALMA 40.4113888889 -4.2994444444
6131 KAMPO 39.7333333333 -4.0552777778
6136 KANIG 42.4802777778 2.9830555556
6143 KARDO 41.8183333333 1.6108333333
6146 KARES 41.3311111111 1.1522222222
6151 KARMA 43.1283333333 -2.4436111111
6168 KASTA 40.1922222222 -5.0344444444
6172 KATAL 38.5938888889 -0.6627777778
6226 KELAM 43.1719444444 2.8686111111
6239 KEMAO 36.665 -6.555
6252 KENAS 40.5 3.1408333333
6283 KERIP 40.9413888889 0.8558333333
6344 KILVA 39 -2.915
6354 KIRLA 37.0230555556 1.5
6508 KONKE 41.0333333333 -1.7769444444
6511 KONON 43.2680555556 2.4258333333
6527 KOPOM 39 -4.8977777778
6563 KOSEL 37.7547222222 -2.7936111111
6567 KOSIT 41.9352777778 2.0602777778
6598 KOVAM 39.3919444444 -0.7911111111
6684 KUDEX 42.7344444444 -2.1930555556
6693 KUGAX 41.0958333333 1.4766666667
6699 KUKAL 37.8686111111 -4.4808333333
6735 KUNAX 40.8313888889 -2.94
6737 KUNEN 36.8316666667 -2.8408333333
6758 KUREG 40.8994444444 2.7188888889
6771 KURUK 43.2341666667 -3.9333333333
6800 KUVAN 43.1111111111 -6.3169444444
6853 LABOG 43.0769444444 -0.0147222222
6855 LABRO 37.2747222222 1.1238888889
6910 LALPI 40.9588888889 -3.7036111111
6912 LALTA 43.1836111111 0.1786111111
6920 LAMAR 37.445 -6.0752777778
6937 LAMPA 38.8016666667 1.9241666667
6952 LANCE 37.9330555556 -4.1336111111
6956 LANET 42.7027777778 3.1072222222
6967 LANTE 37.3977777778 -5.1969444444
6996 LAPRO 43.4166666667 2.8575
7012 LARDA 42.1316666667 -1.3619444444
7029 LARPA 40.6266666667 2.3486111111
7039 LARVO 42.7672222222 -6.1644444444
7045 LASDI 38.9375 1.0580555556
7054 LASIB 38.0375 -7.2227777778
7070 LASPO 39.2825 -0.5444444444
7084 LATEK 42.875 -0.6569444444
7098 LATRO 41.7716666667 1.6183333333
7105 LAVAL 40.3169444444 3.57
7141 LCG.A 43.3429329667 -8.33773865
7142 LCG.D 43.2957495833 -8.3628852167
7146 LCZ 37.6763888889 -0.9391666667
7192 LEKTO 43.0658333333 -2.4141666667
7227 LEPES 37.1652777778 -7.1919444444
7243 LES.A 43.3549933 -1.80621235
7244 LES.D 43.2893254 -1.9193706167
7246 LESBA 41.255 2.6627777778
7271 LEV.A 42.87308765 -2.73109995
7272 LEV.D 42.877283 -2.7471159
7278 LEX.A 43.4121522 -3.75079455
7279 LEX.D 43.4340862833 -3.7462430167
7362 LIMON 37.0711111111 3.8994444444
7389 LIPOR 40.4911111111 -2.8480555556
7405 LISAS 40.2022222222 2.4963888889
7484 LOBAR 41.7480555556 0.3183333333
7510 LOGRO 39 -3.8994444444
7513 LOJAS 37.2072222222 -4.1538888889
7530 LOMDA 42.8527777778 -7.2961111111
7536 LOMRA 43.3441666667 1.8830555556
7543 LONGA 40.4383333333 -4.8772222222
7558 LOPNA 42.6386111111 -2.9608333333
7571 LORES 40.5 2.7025
7587 LOTOS 40.5497222222 1.0030555556
7598 LPA 42.4605555556 -2.3269444444
7607 LRA 43.3961111111 -8.3069444444
7610 LRD 41.5527777778 0.6480555556
7638 LUCAR 36.7611111111 -6.3891666667
7662 LUKEP 43.2494444444 -2.7697222222
7663 LUKEV 41.7661111111 2.2686111111
7680 LULAK 39.5233333333 2.8216666667
7728 LUNIK 40.4397222222 3.3925
7747 LUPES 40.2333333333 -4.6111111111
7765 LURAN 42.9727777778 -0.9791666667
7785 LUSEM 43.3747222222 -1.7805555556
7844 LUXUR 38.2133333333 3.4219444444
7865 MAA 40.4658333333 -3.5547222222
7871 MABIP 43.2216666667 1.5216666667
7880 MABUX 39.5491666667 -1.1497222222
7883 MAD.A 40.4675938 -3.5532797167
7884 MAD.D 40.4791539333 -3.5614889667
7906 MAGAL 38.0733333333 -0.2308333333
7917 MAGIN 40.7669444444 -3.5647222222
7923 MAGUM 39.1675 -8.3925
7956 MALIS 41.8555555556 -7.6047222222
7960 MALOB 42.845 -1.9386111111
7973 MAMEB 39.7627777778 3.9919444444
7974 MAMES 42.2091666667 4.0002777778
7977 MAMIS 37.9547222222 -2.895
7979 MAMOM 39.2175 4.0908333333
7983 MAMUK 41.8366666667 2.0722222222
7990 MANAS 37.3169444444 -5.93
7993 MANCO 40.8863888889 -3.5769444444
7994 MANDY 39.9116666667 -1.0405555556
8023 MAPOR 41.6141666667 -8.0583333333
8027 MAR 37.0552777778 -4.94
8042 MARIM 37.4166666667 -7.8411111111
8043 MARIN 37.4215877 -7.8416144833
8044 MARIO 42.2102777778 -0.2441666667
8055 MAROT 41.6055555556 3.8602777778
8059 MARTA 40.3547222222 1.28
8077 MASIP 43.3922222222 -6.6555555556
8094 MATEX 40.5566666667 0.2655555556
8142 MBB 40.4761111111 -3.5372222222
8169 MEBUT 38.7511111111 2.2280555556
8170 MECKI 41.6619444444 0.6786111111
8199 MELON 39.7666666667 -5.3186111111
8221 MGA 36.8141666667 -4.3694444444
8226 MHN 39.8636111111 4.2163888889
8227 MHN.A 39.852633 4.2260543833
8228 MHN.D 39.8618890833 4.2272652167
8274 MINGU 39.8261111111 -1.4808333333
8278 MINTA 37.1288888889 -7.3833333333
8281 MINVI 41.1261111111 -5.1480555556
8294 MIRPO 42.6311111111 -2.1552777778
8308 MISTE 43.3552777778 -8.0852777778
8318 MITOS 38.4494444444 -0.0136111111
8323 MITUM 40.6455555556 -3.2477777778
8329 MJV 39.4352777778 2.7583333333
8336 MLA 41.1297222222 0.1652777778
8341 MLG 36.6788888889 -4.5066666667
8342 MLG.A 36.6887892333 -4.51557805
8343 MLG.D 36.67569685 -4.4997159333
8415 MOGIL 38.1319444444 3.2019444444
8453 MOLAR 38.5502777778 1.5988888889
8460 MOLIN 39 -4.6858333333
8471 MOMAS 39.3191666667 -8.0166666667
8472 MOMAT 41.0816666667 0.9697222222
8493 MONIX 43.3363888889 1.8969444444
8497 MONTE 37.0583333333 -5.4888888889
8499 MONTO 39.2216666667 -4.4969444444
8508 MOPAS 42.4352777778 1.0344444444
8513 MOPIR 39.4125 -0.8377777778
8521 MORAL 39 -3.5422222222
8522 MORAS 39.1638888889 -8.0186111111
8528 MORIL 43.0658333333 2.3502777778
8544 MOSCO 43.2036111111 -3.8413888889
8545 MOSEN 41.7866666667 -6.5608333333
8556 MOSUK 37.1158333333 -3.625
8565 MOTIL 39.5388888889 -1.7452777778
8595 MRN 37.175 -5.6188888889
8612 MTN 40.9888888889 -5.33
8618 MULAT 39.4 -0.18
8631 MUROS 39.7188888889 3.08
8669 NAKOP 39.6225 3.2391666667
8675 NALES 36.8394444444 -5.2916666667
8695 NANDO 39.9888888889 -2.1744444444
8710 NAPES 37.1961111111 -7.0302777778
8728 NARBO 42.1397222222 -8.2283333333
8730 NARGO 38.7383333333 -0.9986111111
8757 NASGO 42.0916666667 2.8327777778
8766 NASOS 39.3991666667 -3.0277777778
8788 NATPA 39.9188888889 -4.5863888889
8791 NATUL 41.1433333333 -3.1819444444
8796 NAVAR 40.3766666667 0.5216666667
8817 NAVUT 36.7044444444 -5.6936111111
8833 NEA 42.0275 -4.1091666667
8860 NEDUS 42.6533333333 -4.8497222222
8895 NELAS 40.0941666667 3.5208333333
8924 NEMUM 42.0091666667 3.3930555556
8930 NENDA 41.6844444444 2.7513888889
8936 NENOS 38.8616666667 -1.3330555556
8941 NEPAL 40.6927777778 1.9247222222
8957 NEPUR 36.9294444444 -4.8380555556
8982 NESDA 36.8213888889 -3.7416666667
9008 NETOS 41.3075 -6.2777777778
9023 NEVIC 39.3316666667 3.4322222222
9049 NEXAS 40.8711111111 -0.7927777778
9068 NIBEN 40.0561111111 -0.2616666667
9090 NIDON 37.0836111111 -2.0933333333
9111 NIKAL 37.6441666667 -5.7480555556
9129 NILDU 42.2602777778 3.8286111111
9142 NIMAS 38.9183333333 -6.3902777778
9158 NINES 38.6636111111 2.1613888889
9162 NINOS 41.1297222222 -6.7772222222
9163 NINOT 39.2088888889 0.4833333333
9179 NIRAK 37.2458333333 -7.4286111111
9216 NITBA 41.0716666667 1.9855555556
9236 NIVET 43.1983333333 4.0427777778
9295 NOLSA 42.4275 -1.9075
9343 NOSKO 40.6563888889 -2.8166666667
9367 NOVAS 41.1822222222 1.7102777778
9398 NUBLO 42.6661111111 -4.9888888889
9423 NUNKA 37.0130555556 -1.8086111111
9440 NURVI 43.2925 -3.3169444444
9442 NUSGO 40.4055555556 -2.1583333333
9444 NUSMA 36.8327777778 -2.6125
9457 NVS 40.3686111111 -4.2494444444
9458 NVS07 41.1388840833 -4.2735200167
9502 OBIBO 39.6713888889 -2.7955555556
9507 OBIKI 41.2272222222 -2.8597222222
9541 OBUTO 43.1591666667 0.0208333333
9554 ODAPA 41.4397222222 -4.1758333333
9569 ODEMI 37.4975 -8.3838888889
9602 ODPAK 38.1283333333 -7.9269444444
9623 ODSEN 39.0641666667 0.4833333333
9647 OGERO 39.8016666667 -6.4005555556
9666 OGRIL 43.2922222222 1.235
9682 OKABI 42.6161111111 1.4836111111
9704 OKETA 41.7236111111 2.9961111111
9716 OKITI 39.1163888889 1.4441666667
9806 OLGAR 39.1833333333 -7.9363888889
9824 OLIVO 37.2511111111 -5.9758333333
9836 OLMIR 38.5311111111 2.5180555556
9856 OLOPA 37.5338888833 -5.4625
9859 OLOTI 42.2083333333 2.4666666667
9864 OLPOS 38.7269444444 -1.3422222222
9872 OLUTO 39.6641666667 2.6125
9889 OMESI 42.2763888889 -5.7722222222
9894 OMIGO 37.2202777778 -4.9072222222
9896 OMILU 42.7372222222 -3.7805555556
9905 ONDAL 37.0583333333 -2.2730555556
9911 ONUBA 37.2466666667 -6.76
9919 OPERA 39.6227777778 -0.7788888889
9928 ORBIL 43.19 2.4933333333
9929 ORBIS 41.2658333333 -4.1952777778
9938 ORIPE 36.9919444444 -5.4344444444
9968 ORTEZ 43.3655555556 -0.7166666667
9994 ORVUS 39.3316666667 0.4313888889
10013 OSCAR 40.5636111111 -3.0675
10026 OSGAL 39.0247222222 2.8997222222
10096 OSPES 40.3725 0.3469444444
10117 OSTIX 41.5044444444 -3.1
10123 OSTUR 40.7808333333 2.8938888889
10125 OSVAK 41.4875 0.5111111111
10127 OSVAN 38.1166666667 -0.5633333333
10206 OXACA 37.95 -6
10208 OXERA 43.2361111111 -2.7530555556
10223 PA 39.5994444444 2.8211111111
10244 PAKKI 43.1894444444 -2.5077777778
10247 PAL.A 39.5640048 2.7460279167
10248 PAL.D 39.5517332667 2.7464473667
10250 PALIO 40.2622222222 -3.0483333333
10252 PALOS 37.5747222222 -0.5366666667
10260 PAP 42.6883333333 -1.6608333333
10262 PAPOS 40.6211111111 1.4491666667
10266 PARDO 37.0872222222 -6.3058333333
10268 PARKA 39 -5.15
10279 PAULI 40.4147222222 -4.6608333333
10287 PDT 40.2527777778 -3.3480555556
10289 PECES 38.4802777778 3.9497222222
10293 PEDRO 38.8477777778 -2.1580555556
10299 PEKIS 41.6488888889 1.1252777778
10304 PEKOR 39.6191666667 3.3747222167
10314 PELAT 41.0216666667 0.4425
10377 PEPAS 37.1597222222 -3.5708333333
10396 PERAL 41.1883333333 2.0386111111
10402 PERDU 42.7322222222 0.1511111111
10420 PERUK 41.1991666667 1.8330555556
10428 PESAS 37.0366666667 -7.3833333333
10441 PESUL 40.8819444444 -8.115
10446 PETAM 39.6852777778 2.7525
10495 PEXOT 40.8608333333 1.4519444444
10578 PIMAD 38.1666666667 2.5
10591 PIMUR 37.2913888889 -6.5183333333
10594 PINAR 40.9802777778 -2.5991666667
10597 PINEK 41.8511111111 -8.5977777778
10602 PINOX 40.2905555556 -7.1091666667
10603 PINTO 39.8283333333 2.3241666667
10609 PIPAS 41.71694445 -8.1913888833
10617 PIPOR 43.0091666667 -1.1080555556
10626 PIREN 36.8333333333 -7.3833333333
10639 PISAR 38.9897222222 -4.3136111111
10646 PISUS 41.1936111111 -1.455
10656 PITUL 42.7008333333 -2.1933333333
10657 PITUX 39.3686111111 2.6205555556
10668 PIVON 42.5038888889 -8.5525
10673 PIVUS 41.9238888889 3.9338888889
10686 PL 42.6791666667 2.9244444444
10688 PLANA 39.8905555556 -0.3263888889
10696 PMR 43.0927777778 1.5961111111
10697 PMR.A 43.0939158333 1.6342473
10698 PMR.D 43.0931356833 1.6978912
10700 PND 39.4375 -0.3463888889
10704 PO 43.3141666667 -0.1661111111
10708 POBIL 41.7661111111 1.8233333333
10710 POBOS 38.7191666667 -1.7688888889
10718 PODAS 37.7977777778 -5.1241666667
10728 PODOG 41.3119444444 -4.4402777778
10735 PODUX 42.9011111111 -1.8816666667
10757 POLOP 38.3961111111 -0.1786111111
10768 PONEN 41.3538888889 -0.5475
10769 PONTE 43.2980555556 -8.1219444444
10775 POR07 41.1012499167 -8.5049099833
10776 POR08 41.4491136333 -8.5962817833
10778 PORBU 42.4311111111 3.2008333333
10779 PORLI 39.5288888889 -7.3663888889
10780 PORTA 39.33 -7.3025
10781 POS 39.9275 3.1147222222
10782 POSBA 40.2197222222 2.9052777778
10783 POSSY 42.0613888889 0.1572222222
10792 PPG 42.7505555556 2.8672222222
10793 PPN 42.7338888889 -1.7019444444
10794 PPN.A 42.7718839833 -1.6454431333
10795 PPN.D 42.7365649833 -1.6337247833
10801 PRADA 40.4655555556 -1.8358333333
10802 PRADO 40.1475 -2.0102777778
10821 PTC 39.4272222222 3.2566666667
10825 PU 43.3205555556 -0.305
10827 PUBLA 37.25 -5.3555555556
10830 PUMAL 42.3669444444 2.0083333333
10853 RAFOL 37.9494444444 -0.0169444444
10857 RAKOD 39.7808333333 -6.6286111111
10858 RAKOR 36.72 -4.1341666667
10868 RALUS 41.9366666667 -7.1163888889
10880 RAMON 41.0091666667 -0.2852777778
10897 RAPES 43.2466666667 1.9133333333
10912 RARUR 39.6655555556 -8.4927777778
10940 RATAS 42.5744444444 -4.0308333333
10970 RAVAX 40.9205555556 2.0880555556
10989 RBO 40.8538888889 -3.2466666667
10990 RBO01 40.7204721667 -3.3848052833
11016 REBUL 41.6977777778 1.1136111111
11062 RELVA 41.8527777778 -8.5975
11114 RES 41.1497222222 1.1711111111
11115 RES.A 41.1431879333 1.1869708
11116 RES.D 41.1367288833 1.1648040167
11117 RES01 41.0547276833 0.9115302
11118 RES05 41.4125538167 1.0948994167
11119 RESBI 40.7366666667 -4.1877777778
11134 RESTU 37.9075 -1.5575
11135 RESVA 43.4216666667 -3.4430555556
11136 RETBA 39.4436111111 -0.9088888889
11147 REVAT 40.3830555556 -2.9427777778
11172 RIBAS 41.0352777778 1.6319444444
11175 RIBOU 43.0797222222 1.9288888889
11179 RIDAV 40.5352777778 -5.8083333333
11181 RIDER 37.9972222222 -0.7052777778
11226 RILUK 41.4358333333 1.3522222222
11236 RIMES 40.5580555556 -0.0638888889
11249 RIMTU 43.3225 -8.3669444444
11253 RINDI 37.1055555556 -0.0636111111
11283 RIPUX 39.2466666667 -0.4397222222
11302 RISPO 37.2997222222 -2.29
11318 RITUS 41.8236111111 -8.1994444444
11337 RIVRO 40.6227777778 -6.7227777778
11342 RIXAL 36.7844444444 -2.0177777778
11349 RIXUR 37.1088888889 -3.6363888889
11358 RMA 36.6588888889 -4.4766666667
11383 ROBIP 36.6994444444 -2.2372222222
11399 ROCAN 42.6733333333 1.9466666667
11401 ROCIO 37.2980555556 -6.4547222222
11403 RODAP 39.6325 -7.0652777778
11417 RODRA 41.0513888889 1.7302777778
11465 ROLAS 37.4155555556 -2.8544444444
11469 ROLDO 39.8758333333 -5.5447222222
11520 RONAL 41.7616666667 1.9116666667
11524 RONDA 36.6944444444 -5.1466666667
11526 RONDU 38.8233333333 1.5427777778
11534 RONKO 42.4958333333 -1.0305555556
11545 RONVA 36.8702777833 -5.7866666667
11566 ROSAL 38.0213888889 -7.1011111111
11585 ROSTO 43.3769444444 -3.0891666667
11598 ROTEX 37.4186111111 -5.6022222222
11617 ROVAK 42.7419444444 -5.8563888889
11620 ROVAP 41.6044444444 0.8161111111
11637 ROXER 43.2130555556 -7.3575
11667 RUBEO 40.9541666667 -0.6863888889
11677 RUBOT 40.9738888889 1.7058333333
11708 RUKER 39.9494444444 -4.6111111111
11712 RULOS 41.1772222222 2.2813888889
11733 RUPIT 39.4527777778 2.0269444444
11735 RUSEM 39 -4.8469444444
11756 RUVEN 37.6538888889 -5.5144444444
11763 RUXET 38.6688888889 0.675
11810 SABAS 39.2338888889 2.4155555556
11813 SADAF 37.8036111111 2.3288888889
11814 SADEM 41.2102777778 3.1738888889
11816 SADUR 41.4172222222 1.6738888889
11830 SALAS 41.1097222222 0.4763888889
11838 SALON 41.4944444444 3.1872222222
11839 SALSI 43.3477777778 2.3572222222
11855 SANIS 41.1091666667 2.0036111111
11856 SANJU 37.0541666667 -5.75
11857 SANSI 37.4975 -1.07
11858 SANTA 37.6686111111 -6.2983333333
11859 SANTI 38.2908333333 -3.3241666667
11860 SANTU 43.3227777778 -3.1166666667
11869 SARAN 37.1441666667 3.4797222222
11872 SARGO 40.5 3.9919444444
11875 SARRA 43.1741666667 -2.5661111111
11886 SAURA 40.2561111111 -0.1833333333
11916 SEDIL 41.3236111111 -1.4327777778
11918 SEGRE 41.0227777778 -2.3763888889
11923 SELVA 41.1961111111 1.1663888889
11926 SENIA 40.8686111111 0.7388888889
11934 SEROX 41.3466666667 0.2186111111
11935 SERRA 39.2661111111 -0.8569444444
11954 SGO 39.6741666667 -0.2077777778
11955 SGO.2 39.68407415 -0.2225773167
11979 SIJAN 43.1975 2.9369444444
11990 SINDO 42.1361111111 1.3236111111
12010 SIRGU 40.2605555556 -2.6002777778
12026 SISMO 40.6091666667 3.1458333333
12082 SLL 41.52 2.1097222222
12083 SLL.A 41.5145652667 2.0225334833
12084 SLL.D 41.5083937833 2.0429941
12132 SOBRO 39.4002777778 -0.8961111111
12180 SOLAX 39.2425 -4.9491666667
12194 SOMAN 43.3386111111 -3.275
12255 SONTA 38.7730555556 1.1169444444
12271 SOPET 39.8338888889 -0.0047222222
12321 SORPO 43.3522222222 -3.5375
12330 SOSAV 39.2736111111 -1.4955555556
12356 SOTEX 38.2927777778 -8.22
12357 SOTIL 41.3588888889 2.2986111111
12362 SOTUK 39.1936111111 -4.7463888889
12376 SOVAR 42.7880555556 -0.2444444444
12390 SOVOS 43.3869444444 -0.9
12407 SPIEL 38.1663888889 -5.0613888889
12413 SPP 37.4180555556 -5.7955555556
12432 SSN 43.3111111111 -1.8302777778
12435 SSY 40.5463888889 -3.5752777778
12436 SSY01 40.63979475 -3.6712622
12450 STG 42.9266666667 -8.4252777778
12501 SUDAD 43.1638888889 -0.0111111111
12534 SUKOS 41.2844444444 2.2363888889
12543 SULID 41.1844444444 3.4413888889
12545 SULIT 43.3836111111 1.2525
12563 SUMMO 38.3602777778 -0.2816666667
12577 SUNIR 43.3875 -3.1338888889
12600 SUPOS 42.8713888889 -1.7205555556
12607 SURCO 42.3288888889 -0.5680555556
12609 SURIB 38.3422222222 1.9169444444
12625 SUSOS 42.7063888889 -5.4427777778
12664 SVL 37.4275 -5.7622222222
12665 SVL.2 37.4324328667 -5.7450346
12666 SVL.A 37.4195846 -5.89729515
12667 SVL.D 37.4280927333 -5.9154215333
12681 T1082 37.0257811167 -8.0679425
12685 TAB 38.9458333333 -1.8636111111
12731 TAGOM 40.9836111111 -3.4322222222
12737 TAGUX 38.9455555556 -7.9141666667
12757 TALEN 39.1177777778 3.1313888889
12763 TALOL 43.3211111111 0.5583333333
12771 TAMOS 40.3522222222 -3.8
12787 TASOS 40.9458333333 2.6497222222
12789 TATOS 40 -0.2836111111
12800 TBC 38.8916666667 -6.8186111111
12802 TBO 43.3322222222 0.1458333333
12803 TBO.A 43.1906523667 0.0026345833
12804 TBO.D 43.1856326 -0.0061062
12805 TBO01 43.2877248333 0.9207309667
12806 TBO02 43.2766623833 1.05902555
12820 TEBLA 41.3811111111 2.325
12865 TEMIR 39.9469444444 -2.5038888889
12874 TENDU 37.4175 -6.1175
12890 TEPTI 43.4094444444 0.3988888889
12900 TERSA 40.725 -2.1377833333
12918 TETIS 39.8972222222 3.9380555556
12953 THUNE 43.2538888889 -1.5663888889
12986 TILNO 38.765 1.0055555556
13016 TINEK 37.6519444444 -3.6288888889
13017 TINEL 38.9169444444 1.6363888889
13062 TIRGO 41.7844444444 1.1261111111
13084 TISGO 41.7066666667 2.6861111111
13094 TITAN 42.9577777778 -3.975
13125 TJZ 40.4988888889 -3.4455555556
13126 TL 43.2883333333 0.0497222222
13130 TLD 39.9694444444 -4.3375
13131 TLD01 39.6384119833 -4.0471143167
13192 TOBEK 40.1963888889 -3.4244444444
13225 TOL.A 40.4949041667 -3.4619205667
13226 TOL.D 40.49097665 -3.4508020667
13239 TOLSO 40.5 2.3927777778
13240 TOLSU 37.1341666667 -4.4708333333
13242 TOLVO 37.6677777778 -5.615
13263 TONIS 39.775 3.2619444444
13284 TORDU 40.2580555556 0.5883333333
13298 TORRE 36.9683333333 -6.4627777778
13304 TOSDI 40.9908333333 -6.2886111111
13305 TOSGA 37.6255555556 -2.3072222222
13309 TOSNU 41.0152777778 3.8069444444
13312 TOSTO 38.3641666667 -1.9361111111
13381 TSC 40.9552777778 -5.5025
13412 TUENT 39.845 2.6188888889
13421 TUKRO 39.2461111111 2.6105555556
13430 TULNO 39.4838888833 -0.00694445
13450 TUNDI 40.8188888889 1.5702777778
13469 TUPIX 37.0761111111 -7.3833333333
13504 TURON 42.0680555556 -8.5633333333
13505 TURPU 42.6777777778 -1.5425
13509 TURUV 42.3675 0.475
13566 TVD 41.7041666667 -4.8497222222
13590 UBESO 36.7475 -7.8138888889
13606 UDALA 43.1102777778 -2.5105555556
13652 ULPEP 36.7108333333 -3.8091666667
13664 ULSES 39.8691666667 -2.4955555556
13676 ULVAX 41.0041666667 -7.8344444444
13750 UNGAS 42.6822222222 -3.6997222222
13787 UNSOL 41.1588888889 -4.6111111111
13791 UNTOS 37.2505555556 -3.2777777778
13842 UREDI 39.8597222222 -6.3933333333
13850 URIAS 39.2358333333 -0.5
13855 URIPO 38.9241666667 0.4833333333
13868 URUNA 43.355 -1.7402777778
13870 USADO 39 -3.6544444444
13874 USALU 37.2222222222 -8.3002777778
13881 USERA 37.9177777778 -3.625
13883 USIBA 39 -5.6105555556
13888 USIVI 39.6963888889 -8.2113888889
13890 USKAR 42.1436111111 1.0658333333
13994 VAB 38.9472222222 -1.8594444444
13995 VABAR 42.1711111111 -2.6152777778
14017 VABUS 42.4975 -2.64
14062 VAKIN 41.9047222222 -0.3533333333
14070 VAKPI 43.375 0.0936111111
14090 VALDE 39.0372222222 -1.66
14122 VAMIS 43.1711111111 -3.5091666667
14130 VAMUS 43.1739889667 -3.5140535
14172 VARUT 39.0222222222 0.675
14177 VASIP 41.555 -8.3761111111
14182 VASOR 38.5575 -6.7786111111
14186 VASUM 42.2719444444 -2.0111111111
14196 VATIR 42.1722222222 4.1155555556
14227 VBZ 38.89 -6.8158333333
14255 VEGEL 42.5927777778 -2.0258333333
14295 VEMAK 40.6605555556 -3.2863888889
14320 VENOL 37.0733333333 -8.2569444444
14325 VENTI 43.2541666667 -2.5077777778
14338 VERDE 37.5275 -6.5225
14340 VEREG 37.71 -3.625
14349 VERSO 41.1530555556 3.7569444444
14369 VETAN 41.9619444444 -5.7158333333
14370 VETAR 42.1780555556 -0.4933333333
14392 VFA 37.0136111111 -7.975
14393 VFD 42.8805555556 -2.7244444444
14396 VGE 40.2897222222 -3.7261111111
14397 VGO 42.3213888889 -8.6016666667
14410 VIBAS 37.3922222222 -3.6308333333
14415 VIBIM 41.0708333333 2.2063888889
14417 VIBOK 41.5469444444 1.5019444444
14426 VICAR 37.2513888889 -5.7822222222
14437 VIGIA 36.9383333333 -6.5727777778
14447 VILAR 41.3416666667 0.5658333333
14448 VILGA 40.7644444444 1.8947222222
14450 VILLA 40.2330555556 -2.4105555556
14451 VILNA 38.5397222222 -0.8166666667
14461 VIRTU 40.5622222222 -2.4994444444
14462 VIS 40.7233333333 -7.8858333333
14464 VISON 40.1611111111 -3.5025
14469 VJ025 40.93833315 -2.8056998833
14472 VJZ 40.5641666667 -3.3602777778
14473 VJZ.d 40.5557812167 -3.3579743667
14474 VJZ01 40.2422156 -3.2478838
14475 VJZ04 40.3291508833 -3.6721250333
14476 VJZ08 39.7727199333 -3.1042727667
14479 VLA 41.3427777778 1.5477777778
14480 VLC 39.4855555556 -0.4830555556
14481 VLC.A 39.4977367333 -0.4724928667
14482 VLC.D 39.48674135 -0.52489605
14483 VLD 41.7894444444 -4.7391666667
14492 VNV 41.2105555556 1.7058333333
14493 VNv 41.2082893833 1.6926711
14495 VOGEL 42.58932735 -2.0194768333
14504 VRA 42.7319444444 -2.8655555556
14514 VSJ 37.7797222222 -0.8127777778
14515 VSJ.A 37.7862584167 -0.8432449833
14516 VSJ.D 37.7782019167 -0.8283235667
14520 VTA 42.9280555556 -2.6797222222
14521 VTB 39.7808333333 -3.4641666667
14524 VTZ 40.4755555556 -3.4719444444
14526 VULPE 37.7611111111 -4.7983333333
14551 WALLY 39.7544444444 -1.0941666667
14736 XALUD 39 -4.9619444444
14742 XAMAX 40.0311111111 -8.5361111111
14746 XAMUR 41.4030555556 2.8719444444
14757 XAPAS 37.5972222222 -7.95
14762 XARON 38.405 2.8538888889
14775 XEBAR 38.5211111111 -2.0927777778
14800 XEPLA 41.6872222222 2.0725
14809 XERMA 41.5036111111 -3.6136111111
14815 XESPA 38.5969444444 3.1416666667
14816 XETAN 37.0177777778 -5.9294444444
14868 XONDA 43.0619444444 -5.9122222222
14877 XOSTA 39.1330555556 0.7416666667
14885 XULSA 39 -4.2694444444
14890 XURAL 39.2872222222 2.7211111111
14899 YES 38.3608333333 -2.3525
14919 ZANKO 41.2880555556 -4.9647222222
14920 ZAR.A 41.6611099667 -1.0553142667
14921 ZAR.D 41.6694129833 -1.0370439667
14922 ZARKO 42.005 -0.7927777778
14931 ZEM 36.7961111111 3.5716666667
14941 ZMR 41.5302777778 -5.6397222222
14947 ZORBA 40.1880555556 -5.3938888889
14948 ZORIN 38.2919444444 -0.9813888889
14949 ZR 43.3269444444 3.2830555556
14953 ZRZ 41.7305555556 -1.1933333333
14956 ZUFRE 37.8077777778 -6.2752777778
14957 ZUJAR 38.9786111111 -5.3116666667
14958 ZURDO 39.1108333333 1.445
14959 ZURIA 42.8175 -2.4497222222
15001 ZZA 41.6028794 -0.8782301333
